{
 "cells": [
  {
   "cell_type": "markdown",
   "metadata": {
    "slideshow": {
     "slide_type": "skip"
    }
   },
   "source": [
    "**REQUIRED:** To use \"slide view\" of this notebook requires that you install the [RISE](https://github.com/damianavila/RISE) and [hide_code](https://github.com/kirbs-/hide_code) notebook extensions."
   ]
  },
  {
   "cell_type": "code",
   "execution_count": 2,
   "metadata": {
    "hideCode": false,
    "slideshow": {
     "slide_type": "skip"
    }
   },
   "outputs": [],
   "source": [
    "# If/when you get ImportErrors, un-comment and run these 3 lines... ;-)\n",
    "#!pip install fastai --upgrade  | grep -v 'Requirement already'\n",
    "#!pip install git+https://github.com/drscotthawley/mrspuff.git --upgrade | grep -v 'Requirement already'\n",
    "#!pip install bokeh plotly xattr Pillow RISE jupyter_contrib_nbextensions | grep -v 'Requirement already'"
   ]
  },
  {
   "cell_type": "markdown",
   "metadata": {
    "id": "vY1GKEo098Ym",
    "slideshow": {
     "slide_type": "slide"
    }
   },
   "source": [
    "# The Joy of 3D 🎉<br>*Visualizations for Teaching about Classification*\n",
    "## Scott H. Hawley\n",
    "Department of Chemistry & Physics<br>\n",
    "College of Sciences and Mathematics\n",
    "<br>\n",
    "<br>\n",
    "<p style=\"font-size:75%;\">\n",
    "    Re:Teaching PHY/BSA 3895: \"Deep Learning and AI Ethics,\" Fall 2021.</p>\n",
    "<br><br>\n",
    "<p style=\"font-size:75%; text-align:center; color:gray\">Scholarship of Teaching &amp; Learning Syposium, Belmont University, April 28, 2021\n",
    "</p>"
   ]
  },
  {
   "cell_type": "code",
   "execution_count": 1,
   "metadata": {
    "slideshow": {
     "slide_type": "skip"
    }
   },
   "outputs": [],
   "source": [
    "import numpy as np \n",
    "from mrspuff.viz import *\n",
    "from mrspuff.utils import calc_prob, one_hot, softmax\n",
    "from mrspuff.scrape import exhibit_urls"
   ]
  },
  {
   "cell_type": "markdown",
   "metadata": {
    "slideshow": {
     "slide_type": "subslide"
    }
   },
   "source": [
    "## Intro\n",
    "If your field is related to any of these... <p style=\"font-size:200%\">🎜👩‍⚕️⚕️⚖️👮📚🎹👩‍🎤🛒☣️🧑‍🚀🧬🎥🧑‍🎓☢️🧳🧑‍🏫📦🎧🕵️♀️♂️<a href=\"https://hedges.belmont.edu/~shawley/naughty/\">🎅</a>💲📖🧑‍🍳⚗️📡👩‍🏭🔬🖧🧫🧑‍⚖️📈🎮🧑‍🌾📉💉🧑‍🔬💊🗣️♟️🎸</p>\n",
    "\n",
    "...then automated classification increasingly \"a big deal.\""
   ]
  },
  {
   "cell_type": "markdown",
   "metadata": {
    "id": "pdzG_hRy8vlo",
    "slideshow": {
     "slide_type": "subslide"
    }
   },
   "source": [
    "## Motivation\n",
    "<br>\n",
    "<div style=\"float:left; width:60%\"><b>Classification</b> is fascinating to me. Physicists don't do it much but the rest of society relies on it.\n",
    "\n",
    "I like &amp; teach machine learning (ML), esp. deep learning (DL). *Lots* of ML is classification. How humans & machines do it differently is the topic of my *popular-level* eBook-in-progess that uses interactive visualizations (instead of \"math\").</div>\n",
    "<img src=\"https://thumbor.forbes.com/thumbor/960x0/https%3A%2F%2Fblogs-images.forbes.com%2Folliebarder%2Ffiles%2F2018%2F05%2Fpigeon_meme_fighbird-1200x806.jpg\" style=\"float:right; width:35%\"><br>\n",
    "\n",
    "<div style=\"float:left;\"><br>Recently many research papers (e.g., ML-audio) use \"contrastive losses\" -- ??<br>\n",
    "Turns out you can relate these to traditional (DL-based) classification if you view the latter a <i>certain way</i> -- \"view\" being the operative word!</div>"
   ]
  },
  {
   "cell_type": "markdown",
   "metadata": {
    "slideshow": {
     "slide_type": "skip"
    }
   },
   "source": [
    "**TODO:shorten** We'll compare & contrast \"traditional\" machine learning (ML) classification with so-called \"zero-shot\" classifiers that rely on [embedding](https://arxiv.org/abs/1604.06737) semantically meaningful features as clusters in space by means of contrastive losses.  These \"zero-shot\" methods are increasingly prevalent in the literature, and have the nice property that, unlike traditional ML classifiers, they don't need to be re-trained when new classes are added.  If we want to understand zero-shot methods, we may consider traditional classification *as an embedding method* of it own."
   ]
  },
  {
   "cell_type": "markdown",
   "metadata": {
    "slideshow": {
     "slide_type": "slide"
    }
   },
   "source": [
    "## Teaching ML: Viz, and Why 3D\n",
    "<br>\n",
    "<div style=\"display:inline-block; width:66%; float:left\">In teaching ML, it's common to teach <i>binary classification</i>* and then jump immediately into <i>multi-class</i> problems with large numbers of classes. This misses an opportunity for <i>visualization</i> -- the case of <b>3 classes</b>.<br><br>\n",
    "<p style=\"font-size:75%;\">*see my blog post <a href=\"https://hedges.belmont.edu/naughty\">\"Naughty by Numbers: Classifications at Christmas\"</a></p></div>\n",
    "<img src=\"images/naughty.png\" width=30% style=\"float:right\">"
   ]
  },
  {
   "cell_type": "markdown",
   "metadata": {
    "slideshow": {
     "slide_type": "fragment"
    }
   },
   "source": [
    "<p style=\"color:#666; font-size:75%\"><br><br><br>I said no math, but:\n",
    "${\\rm softmax}(x_i) = {e^{x_i} \\over \\sum\\limits_j e^{x_j}} $. 3D gives you all of softmax's complexity &amp; you can still picture it!</p>"
   ]
  },
  {
   "cell_type": "markdown",
   "metadata": {
    "slideshow": {
     "slide_type": "subslide"
    }
   },
   "source": [
    "## Viz Matters for Teaching\n",
    "Data/sound viz has been an big part of my career, further influenced by Yang Hann Kim's 2016 Rossing Prize Lecture in Acoustics Education on viz in teaching STEM. \n",
    "<center><img src=\"images/my_viz_apps.png\" width=55%></center>\n",
    "Today I want to show you new work, including my \"Triangle Diagram\"! "
   ]
  },
  {
   "cell_type": "markdown",
   "metadata": {
    "slideshow": {
     "slide_type": "subslide"
    }
   },
   "source": [
    "## Viz for > 3D = 😢\n",
    "<div style=\"float:right; width:50%; text-align:center; font-size:70%\"><img src=\"https://i.imgur.com/vKiH8As.png\" style=\"\">\n",
    "My blog post, \"<a href=\"https://drscotthawley.github.io/blog/2019/12/21/PCA-From-Scratch.html\">PCA from Scratch</a>\"\n",
    "</div>\n",
    "<br>\n",
    "<div style=\"width:65%\">Humans can only visualize up to 3 dimensions, so for > 3  features we rely on <i>projections</i> via PCA or nonlinear embedding methods like t-SNE or UMAP. But with PCA data points tend to overlap, and other methods twist/distort/rip so global structure is lost.</div>\n",
    "\n",
    "\n",
    "In 3D the representations are *exact*!"
   ]
  },
  {
   "cell_type": "markdown",
   "metadata": {
    "slideshow": {
     "slide_type": "subslide"
    }
   },
   "source": [
    "## New Code Library: [mrspuff](https://github.com/drscotthawley/mrspuff) \n",
    "\n",
    "For teaching via visualization and running on [Google Colab](https://colab.research.google.com), and leveraging [fast.ai](https://github.com/fastai/fastai).\n",
    "<center>\n",
    "    \n",
    "<img src=\"https://github.com/drscotthawley/mrspuff/raw/master/images/mrspuff_logo.png\" width=\"80%\">\n",
    "    <!--<p style=\"font-size:22pt; text-align:center;\"><a href=\"https://github.com/drscotthawley/mrspuff\">https://github.com/drscotthawley/mrspuff</a></p>-->\n",
    "</center>"
   ]
  },
  {
   "cell_type": "code",
   "execution_count": 2,
   "metadata": {
    "slideshow": {
     "slide_type": "skip"
    }
   },
   "outputs": [],
   "source": [
    "# made this to generate images to be loaded in the next cell. and save them to ./images/\n",
    "# You can ignore it\n",
    "if False:\n",
    "    from plotly.io import write_image\n",
    "    labels = ['cat','dog','horse']\n",
    "    data = np.array([[0.7,0.2,0.1],[0.15,0.6,0.25],[0.05,0.15,0.8],[1,0,0],[0,1,0],[0,0,1]])\n",
    "    for i in range(len(labels)):\n",
    "        fig = image_and_bars(data[i], labels, CDH_SAMPLE_URLS[i]).show()\n",
    "        fname = f'images/{labels[i]}_bars.png'\n",
    "        try:\n",
    "            write_image(fig, fname) \n",
    "        except ValueError:\n",
    "            print(\"Sorry, you need the plotly-orca binary installed to auto-save images.\")\n",
    "            print(\"Click on the camera icon above to save manually to \",fname)"
   ]
  },
  {
   "cell_type": "code",
   "execution_count": 3,
   "metadata": {
    "slideshow": {
     "slide_type": "skip"
    }
   },
   "outputs": [],
   "source": [
    "# save cropped versions; ignore it\n",
    "if False:\n",
    "    from PIL import Image\n",
    "    for i in range(len(labels)):\n",
    "        f = f'images/{labels[i]}'\n",
    "        fin = f+'_bars.png'\n",
    "        img = Image.open(fin)\n",
    "        img = img.crop((15,25,250,200))\n",
    "        img.save(f+'.png')"
   ]
  },
  {
   "cell_type": "markdown",
   "metadata": {
    "id": "gA3XbAPN8-f_",
    "slideshow": {
     "slide_type": "slide"
    }
   },
   "source": [
    "## Dimensions and Embeddings\n",
    "\n",
    "Traditionally, we use triplets of numbers to denote 3 classes. \n",
    "\n",
    "\"Ground truth\" values are \"one-hot encoded\":<br>\n",
    "<pre>   cat: (1,0,0)           dog: (0,1,0)         horse: (0,0,1)</pre>\n",
    "\n",
    "Model predictics class probabilities for images:\n",
    "<div><img style=\"display:inline-block\" src=\"images/cat_bars.png\" width=\"32%\">\n",
    "    <img style=\"display:inline-block\" src=\"images/dog_bars.png\" width=\"33%\">\n",
    "    <img style=\"display:inline-block\" src=\"images/horse_bars.png\" width=\"33%\"></div>\n",
    "</p>\n",
    "...the 3 numbers always have to add up to 1 (probability)."
   ]
  },
  {
   "cell_type": "markdown",
   "metadata": {
    "slideshow": {
     "slide_type": "notes"
    }
   },
   "source": [
    "People who are not mathematicians, physicists, data scientists, etc. may be unaccustomed to this talk of \"dimensions\" when dealing with data. Let's dive in to the specific case of *three-class classification*.  Say we're developing a computer program to guess (\"predict\") whether  given image contains a cat, a dog, or a horse.  Traditionally we produce a set of 3 probabilities for each class, say...\n",
    "**TODO:** describe one-hot encoding of target values"
   ]
  },
  {
   "cell_type": "markdown",
   "metadata": {
    "id": "dhI52sWD9Lm-",
    "slideshow": {
     "slide_type": "notes"
    }
   },
   "source": [
    "These numbers can be viewed as the strength of an attribute in an image, e.g. measures of cat-ness, dog-ness, and horse-ness (or measure of the likelihood of being a cat, dog, or horse, respectively), where a value of 1 means 100% of that property.  Notice in each case, the three \"class\" probabilities add up to 1.  This is always the case: probabilities always have to sum up to 1, i.e. 1 is \"100% certainty\" that gets split among the 3 classes.  (This summing to 1 is an important property that we'll come back to in a bit.)\n",
    "\n",
    "One thing that scientists like to do is take different variables and view them as *coordinates of a single point in a multi-dimensional space*.  So for 3 classes we have 3 coordinates for 3 dimensions.  We could make the \"cat-ness\" prediction probability be the \"x\" coordinate, and \"dog-ness\" be the \"y\" values, and \"horse-ness\" could be along the \"z\" axis.  Then instead of drawing bar graphs, we could plot points in 3D space, where the coordinates of each point tell us the predictions:\n",
    "\n",
    "*All the 3D plots in this post can be rotated & zoomed with the mouse or your finger. Try it!*\n"
   ]
  },
  {
   "cell_type": "markdown",
   "metadata": {
    "slideshow": {
     "slide_type": "subslide"
    }
   },
   "source": [
    "\"Embedding\": treat each triplet as the (x,y,z) coordinates of a *point* in 3D space:"
   ]
  },
  {
   "cell_type": "code",
   "execution_count": 4,
   "metadata": {
    "colab": {
     "base_uri": "https://localhost:8080/",
     "height": 542
    },
    "id": "by32Mz4y9IRw",
    "outputId": "4a652786-4905-4bc0-c706-63d429306998",
    "slideshow": {
     "slide_type": "-"
    }
   },
   "outputs": [
    {
     "ename": "NameError",
     "evalue": "name 'data' is not defined",
     "output_type": "error",
     "traceback": [
      "\u001b[0;31m---------------------------------------------------------------------------\u001b[0m",
      "\u001b[0;31mNameError\u001b[0m                                 Traceback (most recent call last)",
      "\u001b[0;32m<ipython-input-4-6d37ac706bb0>\u001b[0m in \u001b[0;36m<module>\u001b[0;34m\u001b[0m\n\u001b[0;32m----> 1\u001b[0;31m \u001b[0mTrianglePlot3D_Plotly\u001b[0m\u001b[0;34m(\u001b[0m\u001b[0mdata\u001b[0m\u001b[0;34m,\u001b[0m \u001b[0mtarg\u001b[0m\u001b[0;34m=\u001b[0m\u001b[0;32mNone\u001b[0m\u001b[0;34m,\u001b[0m \u001b[0mlabels\u001b[0m\u001b[0;34m=\u001b[0m\u001b[0mlabels\u001b[0m\u001b[0;34m*\u001b[0m\u001b[0;36m2\u001b[0m\u001b[0;34m,\u001b[0m \u001b[0mshow_bounds\u001b[0m\u001b[0;34m=\u001b[0m\u001b[0;32mFalse\u001b[0m\u001b[0;34m)\u001b[0m\u001b[0;34m.\u001b[0m\u001b[0mdo_plot\u001b[0m\u001b[0;34m(\u001b[0m\u001b[0;34m)\u001b[0m\u001b[0;34m\u001b[0m\u001b[0;34m\u001b[0m\u001b[0m\n\u001b[0m",
      "\u001b[0;31mNameError\u001b[0m: name 'data' is not defined"
     ]
    }
   ],
   "source": [
    "TrianglePlot3D_Plotly(data, targ=None, labels=labels*2, show_bounds=False).do_plot()"
   ]
  },
  {
   "cell_type": "markdown",
   "metadata": {
    "id": "18OLvGLS9QX7",
    "slideshow": {
     "slide_type": "skip"
    }
   },
   "source": [
    "(Here we also used the 3 class probabilities to set the R,G,B color values of the points. There's no new information contained in this; it just looks cool.)\n",
    "\n",
    "What scientists tend to do is, even in cases where there are more then 3 variables (say, 10), we regard these as dimensions in some fancy abstract mathematical space where the laws may or may not conform to those of our universe -- for example, the idea of \"distance\" may be totally up for grabs.  In cases where the number of values is infinite (say, as coefficients in a infinite series, or as a function of a continuous variable) we might even work in *infinite* dimensions!  Often when we talk like this, it doesn't mean that we're actually picturing geometrical spaces in our heads -- we can't, for anything beyond 3 dimensions -- but it's a handy way of encapsulating a particular way of viewing the data or functions involved.  And sometimes we *do* try to see what kinds of geometrical insights we can glean -- which is what we're going to do here!\n",
    "\n",
    "Remember when we said that the individual class probabilities have to add up to 1?  Look what happens when we plot a *lot* of such points..."
   ]
  },
  {
   "cell_type": "markdown",
   "metadata": {
    "slideshow": {
     "slide_type": "subslide"
    }
   },
   "source": [
    "Let's plot LOTS of points..."
   ]
  },
  {
   "cell_type": "code",
   "execution_count": 6,
   "metadata": {
    "colab": {
     "base_uri": "https://localhost:8080/",
     "height": 542
    },
    "hideCode": false,
    "id": "bz1dP26B9NyU",
    "outputId": "b73ad350-ff2f-43d0-cd32-93f8a80137de",
    "slideshow": {
     "slide_type": "-"
    }
   },
   "outputs": [
    {
     "data": {
      "text/html": [
       "<div>                            <div id=\"8c7a7739-fd7a-4da8-8eee-6da8e64c2c0f\" class=\"plotly-graph-div\" style=\"height:525px; width:700px;\"></div>            <script type=\"text/javascript\">                require([\"plotly\"], function(Plotly) {                    window.PLOTLYENV=window.PLOTLYENV || {};                                    if (document.getElementById(\"8c7a7739-fd7a-4da8-8eee-6da8e64c2c0f\")) {                    Plotly.newPlot(                        \"8c7a7739-fd7a-4da8-8eee-6da8e64c2c0f\",                        [{\"marker\": {\"color\": [[0.028213298240348312, 0.5900665774441415, 0.3817201243155101], [0.18910023136006004, 0.09341399862686606, 0.7174857700130739], [0.7400550456007791, 0.06835156274182105, 0.19159339165739978], [0.02250138922119417, 0.9163704670328048, 0.06112814374600109], [0.17199339684864476, 0.6561017781289502, 0.17190482502240514], [0.6630661452243697, 0.2331866781164166, 0.10374717665921364], [0.21809556457348864, 0.6654846040440052, 0.11641983138250622], [0.06962437925780898, 0.07291851209656847, 0.8574571086456226], [0.008921091514264259, 0.1123989358693486, 0.8786799726163872], [0.5820167991758332, 0.13254007586343172, 0.28544312496073504], [0.24729458793318626, 0.055378363415233826, 0.6973270486515799], [0.2128751680161274, 0.01357326698722528, 0.7735515649966473], [0.008644606737916309, 0.9817626526575876, 0.009592740604496124], [0.6563791220442746, 0.2817556171820028, 0.06186526077372266], [0.5016261667570016, 0.48447983808613604, 0.013893995156862427], [0.05096848350638991, 0.04490925225645581, 0.9041222642371542], [0.03583215117505144, 0.6351180105022813, 0.3290498383226671], [0.5215872143375981, 0.05354886635718163, 0.4248639193052203], [0.9101634178841398, 0.05042841399372315, 0.039408168122136995], [0.04984364202333498, 0.909764325604774, 0.0403920323718909], [0.5818059963098579, 0.23092612821963215, 0.18726787547051002], [0.025178305480262064, 0.3454092562618973, 0.6294124382578407], [0.6069579987637953, 0.30167767816878954, 0.09136432306741507], [0.036796880052092376, 0.3273007518781888, 0.6359023680697189], [0.05734539141948956, 0.903318204669182, 0.03933640391132849], [0.03519801276097938, 0.2816415533565103, 0.6831604338825104], [0.602783299201026, 0.29410061050356984, 0.10311609029540397], [0.09789082166497812, 0.10987971098553484, 0.7922294673494871], [0.03931261202654953, 0.6758236800554351, 0.2848637079180154], [0.21020910674888357, 0.3265744974603885, 0.4632163957907279], [0.534847008014847, 0.031234869784704872, 0.4339181222004482], [0.3346172442633147, 0.0822674883223405, 0.5831152674143448], [0.02276282795169409, 0.7775874789153121, 0.19964969313299374], [0.22803171038696568, 0.17763394005856573, 0.5943343495544686], [0.4740957296859536, 0.06568253145304445, 0.4602217388610019], [0.1754650905823861, 0.7436141162916697, 0.08092079312594416], [0.4008345417491753, 0.2513794891674273, 0.34778596908339743], [0.9703067960581211, 0.00992406097567877, 0.019769142966200155], [0.022946726992976795, 0.06524801928027502, 0.9118052537267481], [0.629802603216501, 0.09713119508279079, 0.2730662017007083], [0.25070768332288434, 0.732205083346163, 0.01708723333095269], [0.267236088975324, 0.15108987130248727, 0.5816740397221887], [0.07277657452809158, 0.603858383095232, 0.32336504237667635], [0.017980177740177464, 0.01735123340933731, 0.9646685888504852], [0.3016647304213045, 0.34112681649834986, 0.35720845308034554], [0.3305280988693091, 0.45831397320006434, 0.21115792793062654], [0.01188142859893485, 0.5352820493271663, 0.4528365220738989], [0.05216389635514359, 0.3228569131831254, 0.624979190461731], [0.024684546850501997, 0.042249941077082756, 0.9330655120724153], [0.007756812757959481, 0.5852018019442844, 0.40704138529775613], [0.07824033486935379, 0.10162714570856958, 0.8201325194220767], [0.47382103496270545, 0.42683887864243764, 0.09934008639485689], [0.01920509357793201, 0.7222349513719029, 0.25855995505016516], [0.4437295864678765, 0.5357356973723875, 0.020534716159735993], [0.4856737130531813, 0.33031026579341055, 0.18401602115340815], [0.5664966140506696, 0.29764118297242925, 0.13586220297690108], [0.6353102162600269, 0.06170361133538151, 0.3029861724045916], [0.16272938556678057, 0.8122743253348736, 0.02499628909834578], [0.23099252924459035, 0.12715619070585615, 0.6418512800495535], [0.9332841755693471, 0.021763277229918776, 0.044952547200734036], [0.18907464090370307, 0.34546526357750124, 0.4654600955187957], [0.27806982242115796, 0.48083305345968097, 0.24109712411916104], [0.04060234071810849, 0.0180557963210329, 0.9413418629608585], [0.49151408965258375, 0.23462010078060563, 0.27386580956681056], [0.7429946995260036, 0.13654595723109456, 0.12045934324290183], [0.15836158290305632, 0.2567624541176529, 0.5848759629792908], [0.06435347248845857, 0.35899595891346625, 0.5766505685980753], [0.014968689595270958, 0.9458096345780733, 0.039221675826655734], [0.3347169255482143, 0.05978950299060416, 0.6054935714611815], [0.9716424956951495, 0.018456988800028617, 0.00990051550482206], [0.4973479955511987, 0.13425235155058587, 0.3683996528982154], [0.03648892534428981, 0.9361340492297359, 0.027377025425974307], [0.18410643529959347, 0.05138879075098907, 0.7645047739494174], [0.04479091777004064, 0.9290531937622172, 0.026155888467742073], [0.746118747476189, 0.03964936656583523, 0.21423188595797582], [0.12500795304677495, 0.8265347082894632, 0.04845733866376191], [0.05392875951563905, 0.06772383561064638, 0.8783474048737145], [0.3963307565238713, 0.3197917960235619, 0.28387744745256693], [0.43183046093421373, 0.5015434487288681, 0.06662609033691806], [0.08213256636506674, 0.10761811116206126, 0.8102493224728721], [0.4781162182368118, 0.049457656496638636, 0.4724261252665494], [0.7511382812525713, 0.11746421176982036, 0.13139750697760844], [0.0750467394881794, 0.7641277203428192, 0.16082554016900147], [0.02868781294849372, 0.67309317778595, 0.2982190092655563], [0.006451991579861711, 0.7654045392755588, 0.2281434691445794], [0.2507628959869205, 0.1338793976682483, 0.6153577063448313], [0.5293719484270233, 0.365965335522662, 0.10466271605031462], [0.27491796604101704, 0.5064237099922276, 0.21865832396675539], [0.2219768104160862, 0.016270361505696142, 0.7617528280782176], [0.17923837972223514, 0.7835113069585838, 0.037250313319181036], [0.6054658428917224, 0.16224216408216363, 0.23229199302611395], [0.936434480964032, 0.04983166900273486, 0.013733850033233122], [0.3639538893951103, 0.5539109775396955, 0.08213513306519414], [0.08214005503600517, 0.025580553279106483, 0.8922793916848883], [0.2650077137499449, 0.32918975530549643, 0.40580253094455876], [0.7194329715099275, 0.04531555727623073, 0.2352514712138419], [0.402834225405195, 0.13111704703396038, 0.4660487275608447], [0.2164325718903592, 0.06602712673523642, 0.7175403013744044], [0.0425691420244464, 0.36084659621323206, 0.5965842617623215], [0.16046114415140542, 0.1170979007815643, 0.7224409550670303], [0.16687579100322408, 0.7117778140763854, 0.12134639492039065], [0.9048918984435427, 0.02937417654508024, 0.06573392501137712], [0.22520634768635647, 0.3366246845167197, 0.43816896779692394], [0.06271079115994878, 0.741562680821522, 0.19572652801852922], [0.8848793980991108, 0.0566720583624828, 0.05844854353840644], [0.9203273785024482, 0.0458775769544635, 0.03379504454308827], [0.6366190971968625, 0.3368766621493493, 0.026504240653788137], [0.16251583809294387, 0.7926182021541461, 0.044865959752910134], [0.6534064101340517, 0.11830508094773724, 0.22828850891821117], [0.3705752159236693, 0.46478338618787185, 0.16464139788845875], [0.6377975274412764, 0.33581407391096096, 0.02638839864776277], [0.17850482843161655, 0.5775516200513977, 0.24394355151698566], [0.8731636960273582, 0.09361042206864272, 0.033225881903999055], [0.22507680680011946, 0.41666560811369635, 0.35825758508618416], [0.6724022608335738, 0.05543902802943103, 0.2721587111369951], [0.007334300814297824, 0.834163877697725, 0.1585018214879772], [0.6320587864238335, 0.34507569044617464, 0.02286552312999193], [0.16507490913171885, 0.5048029676998852, 0.33012212316839595], [0.19890685649412584, 0.5794869303118124, 0.22160621319406162], [0.7690550489062716, 0.12819386058544646, 0.10275109050828192], [0.2571184013364391, 0.5227848309655331, 0.2200967676980278], [0.16229055183615373, 0.17178338390012685, 0.6659260642637194], [0.5106948707360829, 0.02097643787734293, 0.4683286913865742], [0.535806687654362, 0.13843792697774732, 0.32575538536789067], [0.4137822371611874, 0.3835662771700441, 0.20265148566876853], [0.11231375571735686, 0.4438225835451303, 0.44386366073751277], [0.09471366477902939, 0.516178239060584, 0.3891080961603867], [0.633443567698508, 0.22009909159496052, 0.14645734070653146], [0.0389835054800939, 0.2136530262194354, 0.7473634683004706], [0.25792788119993776, 0.2350968258711179, 0.5069752929289444], [0.2089673473213149, 0.06801543457151697, 0.7230172181071681], [0.21033006437835056, 0.1800974816232833, 0.6095724539983661], [0.3540587699627649, 0.05390066942055063, 0.5920405606166845], [0.7626585400046505, 0.16621481433000856, 0.07112664566534097], [0.07066959893647766, 0.046813487169804026, 0.8825169138937183], [0.2767580043178084, 0.027955878822257633, 0.695286116859934], [0.06677405202280871, 0.11789563827335169, 0.8153303097038395], [0.005306579365945986, 0.24730269299677685, 0.7473907276372772], [0.5853478578945581, 0.04692740858009347, 0.3677247335253485], [0.8224440475629459, 0.08960294794418872, 0.0879530044928653], [0.8727014904563531, 0.08652798955225417, 0.040770519991392556], [0.7644700371625458, 0.1881347105720509, 0.04739525226540333], [0.5180067900959356, 0.18147086813095253, 0.30052234177311193], [0.255942363707513, 0.40718545825229696, 0.33687217804019], [0.18697250738505924, 0.13345947841259717, 0.6795680142023436], [0.6856828301098982, 0.304331297925783, 0.00998587196431889], [0.23928553492350524, 0.0643787210951692, 0.6963357439813257], [0.37447618388820664, 0.28541802378690334, 0.34010579232488997], [0.4673925809845816, 0.4621204781490973, 0.07048694086632117], [0.20336632436886884, 0.08881886194366823, 0.7078148136874629], [0.06977226450613892, 0.09527042058510785, 0.8349573149087534], [0.8758002525281037, 0.03483833250539074, 0.0893614149665055], [0.5214770087953459, 0.02302226072336263, 0.4555007304812916], [0.03502606177675683, 0.925787404417108, 0.039186533806135244], [0.4603682646901215, 0.33839824883271086, 0.20123348647716752], [0.06024842317608886, 0.6944870865287488, 0.24526449029516226], [0.2699830656081001, 0.3114934797176932, 0.4185234546742068], [0.03840473200751739, 0.0631289919730768, 0.8984662760194058], [0.5667546425487442, 0.36599732830636456, 0.06724802914489136], [0.07610910965142749, 0.3484059183263822, 0.5754849720221903], [0.28470830394082963, 0.2800091949492344, 0.43528250110993605], [0.3126623816378262, 0.07410588729072598, 0.6132317310714478], [0.6251793511625857, 0.22349261888924093, 0.15132802994817324], [0.8208418279913343, 0.07931186781828799, 0.09984630419037767], [0.132660356590061, 0.6637641693040227, 0.2035754741059164], [0.0240234779745191, 0.07780730144454484, 0.8981692205809361], [0.6026713612815416, 0.3049155537320519, 0.09241308498640641], [0.09450754717528996, 0.7856470031535481, 0.119845449671162], [0.03247549610736959, 0.8564782107873812, 0.11104629310524909], [0.7245398706852711, 0.05976498489872763, 0.21569514441600138], [0.7351055975952966, 0.18709013095600774, 0.07780427144869571], [0.03798582703213362, 0.721851658675711, 0.2401625142921554], [0.033709988358489984, 0.329942169610295, 0.636347842031215], [0.16863429052420498, 0.686461938930101, 0.14490377054569403], [0.6648042006861599, 0.257701750401877, 0.07749404891196311], [0.11511813454768348, 0.20473463850790158, 0.680147226944415], [0.3330244274295103, 0.10734488347725865, 0.559630689093231], [0.578558098899496, 0.39809613281419276, 0.023345768286311172], [0.3287648907632252, 0.6134004773647385, 0.057834631872036316], [0.35772760381621, 0.07300261577809308, 0.569269780405697], [0.5910885460034755, 0.17034118249630945, 0.23857027150021498], [0.7251989993605117, 0.1228504834255244, 0.15195051721396396], [0.021153790551102166, 0.12371986308131534, 0.8551263463675826], [0.23414445842180387, 0.03634794839449178, 0.7295075931837043], [0.12098442002246763, 0.5847109550640321, 0.2943046249135002], [0.15943810388762897, 0.8242068635230829, 0.016355032589288245], [0.18917582921121867, 0.288021169434489, 0.5228030013542923], [0.6919704117942541, 0.018198624702714914, 0.28983096350303095], [0.1827908391708385, 0.3811558007026509, 0.43605336012651047], [0.8685565954657785, 0.07431935797383447, 0.05712404656038699], [0.11943328299512372, 0.07897338758220439, 0.8015933294226719], [0.03149165352689001, 0.6564893817409208, 0.31201896473218926], [0.1661951687550202, 0.6152344865660009, 0.21857034467897896], [0.7563103906414255, 0.0620410407462058, 0.18164856861236878], [0.5493934499817151, 0.3345786737638491, 0.1160278762544358], [0.06362832512098894, 0.30181278177872595, 0.6345588931002851], [0.6068153926364483, 0.0454275741573128, 0.3477570332062389], [0.8963958623953507, 0.06582674720809605, 0.03777739039655319], [0.30126789436702556, 0.6381318525878752, 0.06060025304509925], [0.8787145088037273, 0.0210259037502199, 0.10025958744605286], [0.02088655226425183, 0.7033959644283222, 0.275717483307426], [0.5905522712864493, 0.34655512260190857, 0.06289260611164212], [0.037597267640750894, 0.5633644913890056, 0.3990382409702435], [0.04494061699581205, 0.3678221263146335, 0.5872372566895544], [0.12336734303778045, 0.02768906280552579, 0.8489435941566938], [0.2632429213825209, 0.6910473463960882, 0.04570973222139088], [0.41422319988149764, 0.022159097649923645, 0.5636177024685787], [0.41992063374673555, 0.015143224995587503, 0.564936141257677], [0.028038130680149084, 0.5035377692793328, 0.46842410004051804], [0.47151308611300147, 0.30001996436342837, 0.22846694952357013], [0.4155910592438077, 0.5673936371023015, 0.017015303653890864], [0.8329581725465766, 0.13727641819757938, 0.029765409255844047], [0.06186851189883715, 0.9121267920386141, 0.026004696062548637], [0.36636480378324565, 0.1745702356423477, 0.45906496057440666], [0.3234185633245713, 0.5802448899556741, 0.09633654671975464], [0.19508521894119912, 0.5389856550749936, 0.2659291259838072], [0.2902865925921212, 0.09848961728618512, 0.6112237901216937], [0.09831386206820997, 0.19718747670871345, 0.7044986612230766], [0.02406999720693955, 0.9509716460996207, 0.024958356693439793], [0.32855868880429395, 0.032566668208019574, 0.6388746429876865], [0.10048205113873555, 0.37601420874395763, 0.5235037401173069], [0.887872502322921, 0.09042912339540986, 0.021698374281668972], [0.1287465547476045, 0.5876143989353735, 0.28363904631702197], [0.1354377836977368, 0.6664225168899163, 0.198139699412347], [0.11071977018052172, 0.017242406511313476, 0.8720378233081647], [0.05911264093908916, 0.699727688257607, 0.24115967080330386], [0.571434177676799, 0.14827864380820815, 0.2802871785149928], [0.912256990952016, 0.046200692841377455, 0.041542316206606485], [0.21113837428185525, 0.25943135188141014, 0.5294302738367346], [0.01716340345688955, 0.12330900128470156, 0.8595275952584088], [0.4171874217717828, 0.561160916695876, 0.02165166153234114], [0.9384464468530223, 0.011890843855150436, 0.049662709291827346], [0.017880734342058457, 0.03298090812458843, 0.9491383575333532], [0.27345960725628954, 0.5099622843728683, 0.21657810837084213], [0.24633136420790147, 0.7001914456817524, 0.05347719011034601], [0.3995755460912447, 0.047976804091078296, 0.5524476498176771], [0.10947225810317372, 0.8436449320216299, 0.046882809875196337], [0.012238627645140273, 0.9623631245997061, 0.02539824775515375], [0.2257743883958431, 0.4437969388047784, 0.33042867279937854], [0.5416405849842556, 0.07015480231782288, 0.38820461269792156], [0.10822873428738816, 0.08377234632504575, 0.8079989193875661], [0.9821058531408172, 0.00782479217127386, 0.01006935468790885], [0.6387048228241923, 0.03423754857210989, 0.32705762860369786], [0.20014663519474246, 0.015707771495630553, 0.784145593309627], [0.03416554979978718, 0.01846969159942226, 0.9473647586007905], [0.6565249627023817, 0.19495240562513957, 0.14852263167247873], [0.8289401844947626, 0.07634624968973092, 0.09471356581550647], [0.09539276465222389, 0.820099360761453, 0.08450787458632314], [0.10666371618604298, 0.279533185280574, 0.6138030985333829], [0.857731864519141, 0.08921142323406187, 0.053056712246797144], [0.6853912664997732, 0.23273673311922635, 0.08187200038100034], [0.3359240554751147, 0.06516649315250067, 0.5989094513723846], [0.11301149384942544, 0.6360714544413959, 0.25091705170917855], [0.33099266424571006, 0.14150618621006011, 0.5275011495442298], [0.1679587378791704, 0.7058566913045895, 0.12618457081624015], [0.09191370157013824, 0.1498394902868996, 0.7582468081429621], [0.179122305421716, 0.02111329985432053, 0.7997643947239633], [0.6646576767215635, 0.04340356221639038, 0.29193876106204614], [0.07844452101334515, 0.2817756077782912, 0.6397798712083637], [0.9112370216725805, 0.08012651877393405, 0.008636459553485593], [0.5106144193189633, 0.05936974104733254, 0.430015839633704], [0.10146157887252033, 0.3747316424791217, 0.5238067786483579], [0.07643412223275675, 0.9143409364300027, 0.009224941337240595], [0.6989354586389614, 0.08650814358980645, 0.2145563977712322], [0.17032566974588756, 0.42489606629601123, 0.4047782639581012], [0.8213068901018926, 0.03126623865319482, 0.14742687124491255], [0.1784341656968494, 0.7540422498500787, 0.06752358445307188], [0.39124925067993965, 0.22961415894942033, 0.3791365903706399], [0.08318174145400557, 0.6841780505939483, 0.23264020795204615], [0.011825746859060262, 0.05901622841398969, 0.9291580247269501], [0.9681765999637555, 0.014338240841576205, 0.01748515919466818], [0.8712675489577718, 0.05423793219382584, 0.07449451884840234], [0.8163259888603026, 0.1666468978435358, 0.01702711329616157], [0.3750883652081217, 0.5763968326548274, 0.048514802137050894], [0.4512392121644064, 0.1485786883655967, 0.400182099469997], [0.16179007690234376, 0.4699927938430552, 0.3682171292546011], [0.8099717276180783, 0.08985091949654672, 0.10017735288537487], [0.5871452270716412, 0.12423402578228132, 0.2886207471460775], [0.020195566190613475, 0.4580236258036901, 0.5217808080056964], [0.42545954906230765, 0.290120667224366, 0.28441978371332627], [0.27937367451391987, 0.009240716717026927, 0.7113856087690532], [0.10351064151195621, 0.8684822437941694, 0.02800711469387439], [0.4904771131693501, 0.0782856180812296, 0.4312372687494202], [0.21109455699186438, 0.6957371001215589, 0.09316834288657662], [0.16541533270348527, 0.40639753559520936, 0.42818713170130546], [0.11198322544072545, 0.2931535753399516, 0.594863199219323], [0.5358637555869549, 0.23371789082668842, 0.2304183535863567], [0.7499438802570632, 0.08692598144505488, 0.16313013829788206], [0.26586523246393534, 0.10034794321621386, 0.6337868243198508], [0.8493427588843534, 0.0379922217745966, 0.11266501934105], [0.07823089263316899, 0.7950194828345105, 0.1267496245323204], [0.6394952494048302, 0.11165023035080446, 0.24885452024436544], [0.9385005113957638, 0.05109957930088137, 0.010399909303354868], [0.9291892902802668, 0.019551088623026795, 0.05125962109670641], [0.03757845069346122, 0.7924072311190398, 0.17001431818749907], [0.2488972682164685, 0.6339905927105001, 0.11711213907303138], [0.5478745201907881, 0.4383533545891404, 0.013772125220071547], [0.36229609358987663, 0.11230278111920813, 0.5254011252909152], [0.06091298239635349, 0.24342607179195433, 0.6956609458116922], [0.03654887282602894, 0.14159412747761752, 0.8218569996963535], [0.41458839098356093, 0.2125345673670167, 0.3728770416494222], [0.21255195398441115, 0.1741966520967969, 0.6132513939187919], [0.060860067382079566, 0.06326206392744284, 0.8758778686904777], [0.3204268560153869, 0.6315530766438805, 0.048020067340732525], [0.5388853481938186, 0.10154035389914362, 0.3595742979070377], [0.16684946849883303, 0.4694779207337386, 0.3636726107674284], [0.23236096470793763, 0.6653700988901303, 0.10226893640193205], [0.7558516958525453, 0.07250397237259333, 0.1716443317748614], [0.19568241919788767, 0.6839029165179634, 0.12041466428414886], [0.12927509470802007, 0.6968452152368582, 0.17387969005512188], [0.8446057658327901, 0.0376035356508754, 0.11779069851633449], [0.0997889814814512, 0.06355732005089518, 0.8366536984676537], [0.24048755309269773, 0.08310664206707494, 0.6764058048402273], [0.13265485752367703, 0.23446477890707124, 0.6328803635692517], [0.8830173813609924, 0.0994878035882515, 0.017494815050756223], [0.09439373228139256, 0.7871230169879272, 0.11848325073068026], [0.7220131665696808, 0.012451461831914635, 0.2655353715984046], [0.0390888676095708, 0.15327665734594692, 0.8076344750444824], [0.02988299620081303, 0.022489465224380494, 0.9476275385748065], [0.25464801081102817, 0.7267000355041772, 0.01865195368479463], [0.5136225302665315, 0.02005591580168921, 0.46632155393177926], [0.6990827975046138, 0.05623415718644581, 0.24468304530894042], [0.6479794991035541, 0.3024641574064922, 0.04955634348995367], [0.22214934649811036, 0.18332453221048411, 0.5945261212914055], [0.5448775985134292, 0.08038488789356099, 0.3747375135930099], [0.6952128148899187, 0.27191008767105207, 0.032877097439029154], [0.9643055660893797, 0.021144140579882394, 0.014550293330737981], [0.8202743109389204, 0.1412910759162528, 0.038434613144826824], [0.09738206620839829, 0.7887621007741005, 0.11385583301750127], [0.08086777396932744, 0.7048539075050898, 0.21427831852558263], [0.19317057635005855, 0.6013319577800049, 0.20549746586993659], [0.7500343242689028, 0.07362322679423197, 0.17634244893686524], [0.5938869047666397, 0.0204527602756305, 0.3856603349577299], [0.3091432948856261, 0.6689737747560665, 0.02188293035830757], [0.023240541176484508, 0.48597958374527683, 0.49077987507823856], [0.15527959544929346, 0.5363816828808814, 0.30833872166982507], [0.5857678092994939, 0.18076132320272303, 0.23347086749778304], [0.11107187691979417, 0.6184131257562876, 0.2705149973239183], [0.053610852812832524, 0.7064351855227274, 0.2399539616644401], [0.34743803587175554, 0.5307937343801047, 0.12176822974813988], [0.5855477061499564, 0.06039641943508136, 0.35405587441496217], [0.0685703136574752, 0.4164445695925808, 0.5149851167499441], [0.7954872140470655, 0.139686212802008, 0.06482657315092663], [0.029938141054358085, 0.05419396108938951, 0.9158678978562524], [0.47314114713375544, 0.0922706243993626, 0.434588228466882], [0.11775011847877143, 0.5401874225976577, 0.34206245892357073], [0.6213909569136105, 0.0418582134296853, 0.3367508296567041], [0.33104793270966587, 0.6171751426123875, 0.05177692467794654], [0.02096899278052051, 0.8522147465180581, 0.12681626070142152], [0.21385715108441927, 0.7255451207873427, 0.06059772812823808], [0.8390465178377219, 0.06638498821788769, 0.09456849394439035], [0.6108879943146348, 0.006510830252711425, 0.38260117543265376], [0.21026422029937944, 0.3038320303173924, 0.4859037493832281], [0.017606667326806644, 0.5116735146616105, 0.4707198180115828], [0.9013769088705306, 0.06167953635301449, 0.036943554776455015], [0.7359596168201522, 0.0498704883779095, 0.21416989480193827], [0.05651480516382109, 0.04891834474131835, 0.8945668500948607], [0.05205117353171769, 0.07926270641473003, 0.8686861200535523], [0.3692512359685264, 0.19350291089135963, 0.43724585314011416], [0.032539311540422854, 0.9363417552282842, 0.03111893323129278], [0.7967588512036317, 0.03484251908109345, 0.16839862971527492], [0.34052196013553554, 0.5014897572188777, 0.15798828264558676], [0.38254230754492924, 0.26733387199417874, 0.3501238204608921], [0.321645883254295, 0.25143748468925026, 0.42691663205645464], [0.5501076585511033, 0.19704465838463436, 0.25284768306426225], [0.04040218698063527, 0.6736019663717636, 0.28599584664760114], [0.050330060079535804, 0.5765259397903686, 0.37314400013009563], [0.25425201936762953, 0.6089943031112784, 0.13675367752109208], [0.4439369403422229, 0.45802729662316816, 0.09803576303460902], [0.48396592016865014, 0.4466512325125351, 0.06938284731881468], [0.7356732182396993, 0.08030437571295636, 0.18402240604734435], [0.8517333429741291, 0.06856522480312678, 0.07970143222274403], [0.30486466518583555, 0.6597680165403573, 0.03536731827380718], [0.43867710999610